100
0 10 10
1 10.5403 9.49881
2 11.1329 13.4091
3 12.3531 17.5274
4 10.4684 15.6566
5 7.14901 15.901
6 12.1603 18.392
7 8.05562 11.4745
8 10.3432 19.3506
9 4.29676 16.9795
10 12.6019 12.3796
11 10.5869 14.5321
12 5.94928 11.3731
13 11.1224 13.97
14 11.4576 14.8857
15 10.6635 12.8528
16 8.47135 9.19366
17 4.18402 17.0566
18 7.75376 16.9088
19 3.74127 14.5168
20 3.62073 17.1836
21 6.90141 18.931
22 10.9275 9.8376
23 10.666 14.4111
24 12.0546 14.278
25 12.0347 14.4538
26 3.57133 14.4749
27 12.888 18.1203
28 9.01744 11.5966
29 12.791 16.1858
30 11.1082 10.2202
31 14.5722 12.5905
32 11.175 11.5492
33 13.5976 18.4524
34 15.5278 21.0849
35 12.9558 12.2357
36 7.46429 15.9158
37 15.331 22.0026
38 11.2083 9.62181
39 11.2384 13.4402
40 7.22812 15.0973
41 11.0136 12.9258
42 7.22692 14.2151
43 14.9396 10.9746
44 2.99001 15.5597
45 12.5143 14.5652
46 7.86842 12.0709
47 10.7125 14.0897
48 8.55541 18.5991
49 13.1008 14.0798
50 9.57622 10.4393
51 9.86156 10.5146
52 3.45412 21.6552
53 15.7297 13.8458
54 10.511 9.92856
55 9.27637 9.55004
56 15.1273 13.1733
57 1.21816 15.0002
58 13.1179 17.7816
59 9.60576 15.188
60 10.3738 13.2894
61 14.9735 11.0123
62 2.10381 13.4677
63 9.52276 10.316
64 15.1922 18.0855
65 8.03679 7.84743
66 13.4368 8.59315
67 15.2302 16.5089
68 15.9343 17.8572
69 5.70837 18.2108
70 10.0556 12.9243
71 7.01637 17.8996
72 8.58606 9.00607
73 10.5336 11.2675
74 10.5863 14.5329
75 14.7079 17.0249
76 10.1746 16.1398
77 10.9299 19.0776
78 2.18316 21.2857
79 14.3544 11.977
80 8.57096 7.95264
81 6.48252 16.0789
82 2.79269 15.2366
83 6.37429 17.9549
84 9.10569 11.5295
85 10.4041 14.7002
86 11.8995 14.367
87 8.61083 8.94071
88 15.2188 17.0229
89 12.1215 19.2423
90 7.80504 8.32888
91 7.06254 7.41648
92 2.14318 19.3316
93 5.56231 14.232
94 3.7095 17.3237
95 9.96226 11.1582
96 4.7105 18.7063
97 14.9981 20.8466
98 2.15775 17.5736
99 13.0578 12.3249
